[
  [
    0.0286,
    -2.0964,
    1.8184,
    2.5477,
    -0.1629,
    -0.243,
    3.0032,
    -0.2231,
    1.008,
    -0.8939,
    -0.2004,
    -1.6221,
    2.0438,
    -0.4403,
    1.2835,
    -2.1971,
    0.481,
    0.1758,
    -1.6885,
    0.7747,
    1.892,
    1.5672,
    -3.0224,
    -1.1714,
    -0.6467,
    -0.3797,
    -0.3617,
    -1.2817,
    -0.1215,
    -0.9011,
    3.4141,
    0.124,
    0.2728,
    -0.4211,
    3.4152,
    0.5471,
    -3.0833,
    -2.0561,
    -1.3293,
    0.4318,
    2.3138,
    -0.8961,
    -0.6533,
    2.0099,
    -0.3242,
    1.0124,
    1.4917,
    -1.1672,
    -1.8406,
    -0.8171,
    -0.1696,
    1.3125,
    -0.8246,
    -0.3055,
    2.1284,
    -2.0808,
    2.7121,
    -0.0786,
    -2.2986,
    1.9973,
    2.7653,
    -0.534,
    2.1337,
    2.1851,
    0.8233,
    2.6914,
    1.1976,
    2.4329,
    -1.5132,
    1.7474,
    -0.4488,
    0.8552,
    1.6993,
    -0.0915,
    3.3642,
    -0.5116,
    -3.1695,
    -2.1741,
    -2.5889,
    -1.1136,
    -0.1491,
    1.9474,
    -0.5886,
    -1.8368,
    0.1485,
    2.6036,
    -0.7324,
    0.9847,
    -0.7431,
    2.4587,
    1.0579,
    -0.0147,
    -3.4732,
    -1.2916,
    -1.0398,
    -0.5389,
    -1.0379,
    -1.2585,
    -0.7042,
    0.4117,
    -1.6588,
    -1.3347,
    -1.6842,
    -0.1,
    -3.6277,
    0.6017,
    -1.9966,
    1.4943,
    -0.8325,
    1.276,
    -1.0516,
    -1.9276,
    0.817,
    -2.5179,
    1.2823,
    -1.6577,
    -0.0385,
    0.8723,
    0.3887,
    1.5351,
    1.2118,
    -0.9024,
    -0.4593,
    -0.6795,
    -2.0969,
    -1.014,
    1.9751,
    1.3832,
    0.1243,
    -0.3553,
    -1.0325,
    -2.6639,
    -0.2714,
    -0.0523,
    -0.2306,
    -0.189,
    -2.5872,
    -1.15,
    0.8132,
    -0.6559,
    -0.4687,
    1.6752,
    2.4129,
    -1.7437,
    -0.0311,
    -0.119,
    0.5356,
    0.9402,
    -2.5137,
    -1.0051,
    0.1215,
    0.0776,
    -1.2876,
    0.3152,
    1.1763,
    0.2936,
    1.9554,
    2.3674,
    -1.4398,
    -0.6859,
    -1.3284,
    4.1519,
    2.7573,
    0.1087,
    -1.1114,
    -0.3938,
    2.8001,
    -1.3161,
    -0.3042,
    -0.368,
    0.633,
    -0.0575,
    -0.8214,
    0.4958,
    -1.6823,
    -0.303,
    0.0498,
    -0.5358,
    -0.5984,
    2.8085,
    2.8631,
    0.9341,
    4.5169,
    -0.0708,
    -2.0458,
    -1.4257,
    -2.6673,
    -1.25,
    -0.9917,
    0.8302,
    -0.4628,
    -1.7833,
    -2.6926,
    -0.8868,
    -1.1595,
    -3.6939,
    0.3552,
    0.0211,
    -3.0917,
    -1.2197,
    -0.1183,
    2.7118,
    2.4761,
    -0.643,
    0.2484,
    1.6061,
    1.7724,
    0.2045,
    -0.781,
    0.2699,
    0.9463,
    -0.8383,
    -3.1018,
    -0.8335,
    -0.3848,
    -2.5219,
    2.8742,
    0.7623,
    0.4716,
    -0.9872,
    -1.0813,
    0.4455,
    0.5248,
    1.441,
    0.1354,
    1.7707,
    -1.395,
    0.1919,
    1.7843,
    -2.6566,
    -0.1754,
    -1.542,
    0.4251,
    0.051,
    2.1344,
    1.6968,
    -3.934,
    1.7963,
    -1.7765,
    -2.0824,
    -1.0275,
    1.6584,
    -3.2932,
    1.0513,
    -1.787,
    -0.4735,
    -1.7466,
    -2.9984,
    -1.2463,
    -0.1531,
    -1.3345,
    -2.604,
    -0.8584,
    -3.028,
    1.3048,
    1.7127,
    1.4166,
    -1.1637,
    2.1016,
    -1.4212,
    -1.2173,
    -3.0888,
    -0.2503,
    0.6254,
    0.3009,
    -1.9852,
    -2.3595,
    1.93,
    -1.9823,
    -0.6851,
    -0.8575,
    -1.4109,
    0.8095,
    0.045,
    -0.5604,
    0.3505,
    -1.963,
    0.2197,
    0.9851,
    -3.3777,
    -0.573,
    2.4115,
    -0.4911,
    -1.4476,
    -1.0468,
    -0.2129,
    0.4537,
    1.8161,
    0.7904,
    2.7125,
    1.6273,
    0.4293,
    1.3502,
    -0.4707,
    0.6607,
    3.788,
    -2.1823,
    -2.8153,
    -0.215,
    -0.5886,
    0.3183,
    2.4205,
    0.5136,
    1.2456,
    -1.749,
    -0.6049,
    -0.5616,
    -0.0156,
    2.2045,
    -1.0497,
    1.1234,
    -2.737,
    1.1242,
    1.6015,
    -0.6079,
    -2.2937,
    -0.9299,
    -0.4362,
    1.5489,
    1.9074,
    -2.7056,
    -0.4782,
    -0.1543,
    -0.2477,
    0.4199,
    5.7212,
    -0.6725,
    -0.082,
    0.8901,
    -1.9506,
    1.7071,
    0.0316,
    -0.138,
    0.5403,
    1.1499,
    -0.3012,
    1.0119,
    -1.26,
    1.8786,
    0.309,
    -2.5918,
    0.7151,
    -2.9104,
    -1.0277,
    -0.1729,
    -1.4531,
    3.5769,
    -0.2268,
    0.7853,
    0.2219,
    0.4754,
    0.2133,
    2.0977,
    -0.1878,
    0.5474,
    -0.3517,
    0.9401,
    1.1685,
    -0.2164,
    1.4837,
    -1.9589,
    -3.4933,
    2.9981,
    -2.8187,
    2.0331,
    -2.2067,
    -1.1461,
    -0.5103,
    -0.2262,
    -0.8066,
    -2.0301,
    -0.7133,
    -1.8518,
    -0.5763,
    1.5348,
    -2.7618,
    -3.4445,
    0.208,
    -0.2086,
    2.1715,
    -2.8336,
    2.2512,
    1.7242,
    -1.8877,
    1.75,
    -3.7952,
    -0.3567,
    1.1876,
    2.2087,
    0.8046,
    -2.0674,
    -1.3125,
    -1.9378,
    -1.1814,
    -2.3843,
    1.4245,
    -0.9972,
    1.2908,
    0.1623,
    0.2913,
    1.5673,
    -2.3381,
    0.2226,
    1.3272,
    1.126,
    -0.3713,
    -0.4221,
    1.3709,
    1.1786,
    0.2763,
    1.5738,
    0.8004,
    -0.2135,
    1.2869,
    1.8671,
    1.0532,
    -1.2217,
    0.3892,
    -0.3355,
    0.0345,
    0.0701,
    0.6779,
    0.2042,
    1.1827,
    1.6422,
    1.277,
    0.4405,
    -1.5271,
    0.4104,
    -0.2304,
    -1.5681,
    0.6977,
    -1.5461,
    0.0908,
    1.9694,
    -1.6739,
    -3.2731,
    -0.5768,
    -0.2644,
    -1.1425,
    2.1337,
    1.3141,
    -1.1552,
    0.9701,
    1.8722,
    1.7972,
    -1.4625,
    0.5744,
    1.7314,
    0.3262,
    -1.2856,
    2.0911,
    -1.6374,
    -2.194,
    -2.0546,
    -1.1311,
    0.8453,
    2.0825,
    0.0496,
    -0.888,
    -1.7512,
    -1.6168,
    0.2579,
    -1.8619,
    1.8117,
    -0.985,
    -0.07,
    2.4532,
    -0.7116,
    0.8272,
    -0.642,
    -0.2139,
    -0.2608,
    -1.268,
    -0.3638,
    0.1116,
    -1.8753,
    -0.2801,
    -1.0001,
    -0.1898,
    -0.121,
    -0.5476,
    0.6496,
    1.3029,
    0.2356,
    0.6635,
    -0.6673,
    -0.1505,
    1.7638,
    0.7035,
    0.1027,
    0.328,
    -0.1243,
    1.018,
    -1.6048,
    0.5145,
    0.5821,
    -0.4622,
    0.5846,
    0.1749,
    -0.4311,
    1.0704,
    -0.2717,
    -0.2516,
    -1.4313,
    -1.3894,
    1.2065,
    0.2458,
    -0.4404,
    -0.5177,
    0.9654,
    -0.7653,
    1.4836,
    0.4488,
    0.8684,
    -1.5277,
    1.6577,
    1.9304,
    -0.1116,
    0.6423,
    6.272,
    -0.5918,
    0.0178,
    0.5787,
    1.2507,
    -2.3385,
    1.4528,
    -0.8115,
    -1.1898,
    2.1043,
    -1.8032,
    -0.879,
    -3.5152,
    -1.6529,
    -1.9606,
    1.5964,
    0.8707,
    -0.6625,
    1.0784,
    -4.4303,
    -0.0626,
    0.0578,
    -3.8542,
    1.6877,
    -0.1931,
    1.3885,
    0.472,
    1.8785,
    -0.5956,
    -0.2422,
    0.6953,
    0.5331,
    -0.8239,
    -0.8808,
    0.6164,
    0.6505,
    -0.8196,
    -1.6003,
    1.5261,
    -3.4402,
    -3.2436,
    -2.5439,
    2.63,
    1.2613,
    -1.0965,
    0.4066,
    -0.3444,
    -1.2067,
    -1.53,
    2.8967,
    2.502,
    -1.2261,
    2.8934,
    1.9787,
    -1.9063,
    -0.862,
    1.665,
    3.0597,
    0.4744,
    -1.3017,
    0.1035,
    -2.0424,
    -1.7221,
    1.2648,
    -1.8535,
    0.8361,
    1.2446,
    -1.1833,
    -0.4233,
    0.5147,
    2.8148,
    -2.3407,
    2.5222,
    -1.201,
    -1.9519,
    1.3504,
    -0.7117,
    -0.2738,
    2.0488,
    2.2957,
    1.6369,
    -1.077,
    -1.6226,
    0.908,
    0.2605,
    0.0441,
    -2.087,
    -1.0641,
    -0.215,
    -1.7944,
    0.2505,
    0.5573,
    1.9827,
    1.6472,
    -1.4832,
    0.0256,
    -1.4363,
    -1.1027,
    -1.7593,
    0.8161,
    1.7358,
    0.6988,
    1.4021,
    -0.9342,
    0.2796,
    -0.2279,
    0.6671,
    0.15,
    0.1548,
    -0.2536,
    -1.9021,
    0.1223,
    -0.4951,
    -0.5384,
    -0.9169,
    -1.6784,
    3.709,
    -1.4548,
    -0.0557,
    -0.0122,
    -1.0385,
    1.343,
    0.6592,
    0.0107,
    0.3259,
    -1.4737,
    3.4111,
    1.3164,
    0.3238,
    -0.3238,
    -0.7969,
    2.393,
    1.7706,
    1.739,
    -0.5368,
    -1.2396,
    1.3392,
    -1.1036,
    -1.4194,
    -2.0871,
    1.6146,
    2.4731,
    -1.3151,
    0.32,
    1.1252,
    -1.0345,
    3.2422,
    -0.0036,
    -0.4472,
    -1.6765,
    -0.6714,
    -0.9898,
    -1.3816,
    -2.0782,
    -1.2341,
    -1.8926,
    0.7668,
    -1.5082,
    -0.3553,
    -0.3533,
    2.481,
    -0.1424,
    -0.4977,
    -0.112,
    0.5921,
    3.3053,
    -1.5873,
    0.4859,
    -0.504,
    -0.5345,
    0.3224,
    -0.0132,
    -0.378,
    -0.036,
    -2.5886,
    1.8216,
    -0.057,
    -0.0805,
    0.5704,
    1.7072,
    0.1534,
    0.9467,
    -1.9446,
    1.6578,
    0.7941,
    -0.0586,
    2.3063,
    -0.4602,
    -1.0478,
    0.0595,
    -0.3535,
    0.8729,
    0.41,
    0.1462,
    -0.0771,
    0.9747,
    4.108,
    -0.4092,
    -0.1359,
    -0.3378,
    1.5205,
    0.3579,
    -0.175,
    1.4699,
    0.0005,
    1.3981,
    -1.2307,
    -1.7197,
    -0.2806,
    -0.045,
    -1.4742,
    2.0897,
    3.799,
    0.273,
    -0.2662,
    0.0242,
    0.237,
    -0.5136,
    1.2356,
    -0.0453,
    -2.4438,
    -3.2362,
    -0.7734,
    1.4375,
    0.7624,
    -1.595,
    0.5163,
    -0.0576,
    1.3452,
    2.5059,
    -0.948,
    2.2859,
    1.5426,
    0.1753,
    0.8358,
    1.5173,
    1.7053,
    -2.3019,
    3.0678,
    -1.0155,
    -0.1306,
    -1.1906,
    3.3802,
    0.9956,
    0.7584,
    -0.5638,
    -0.5562,
    -1.1131,
    -0.5668,
    -1.8907,
    2.7478,
    -2.3123,
    -0.5044,
    0.9873,
    -0.6004,
    -1.4749,
    -1.6607,
    -3.2216,
    1.2716,
    -3.3843,
    3.2913,
    0.0777,
    -0.383,
    -0.3059,
    -0.4198,
    0.686,
    -2.352,
    -1.5121,
    0.742,
    -0.5316,
    0.757,
    -0.5777,
    1.7174,
    -2.7138,
    -0.8552,
    1.0316,
    1.4747,
    1.2753,
    -1.7064,
    0.8559,
    -0.0149,
    1.2622,
    -0.5939,
    1.5514,
    -0.2811,
    -0.9495,
    1.2738,
    -0.2659,
    3.7651,
    0.7023,
    0.342,
    0.8363,
    -0.2563,
    0.3231,
    2.2343,
    -0.5947,
    -3.4429,
    -0.2891,
    -0.0948,
    -2.4628,
    1.3906,
    3.3347,
    -2.7713,
    1.9166,
    -1.2919,
    -3.1216,
    0.7178,
    -1.5997,
    0.4286,
    1.0949,
    0.3272,
    -0.4365,
    -1.1833,
    -2.0451,
    0.3947,
    -0.7836,
    1.2213,
    -4.3085,
    1.2492,
    0.4128,
    -1.58,
    1.9287,
    0.162,
    0.8038,
    -1.1397,
    -0.5508,
    -2.4267,
    -0.4807,
    -1.4268,
    0.6646,
    0.2196,
    -0.5789,
    -1.8538,
    -0.7865,
    -1.0269,
    1.3188,
    -1.2143,
    -0.4869,
    -0.0938,
    1.7405,
    1.5009,
    -1.6221,
    -1.236,
    -2.2837,
    1.4484,
    -1.1183,
    -1.519,
    0.046,
    0.5475,
    -2.0256,
    0.6105,
    -0.3658,
    -2.0572,
    0.7312,
    0.4459,
    -0.8865,
    0.6902,
    0.2055,
    -0.9659,
    -3.4611,
    -0.1428,
    -0.4126,
    -1.2579,
    0.4815,
    0.7762,
    0.7124,
    -0.1883,
    0.4889,
    -1.1482,
    -0.5325,
    -0.7963,
    -0.846,
    1.7566,
    -1.1558,
    0.4348,
    -2.8037,
    0.9121,
    0.6994,
    -0.336,
    2.7045,
    -0.8883,
    2.6681,
    2.2856,
    1.4953,
    0.3734,
    3.3011,
    1.3849,
    0.4368,
    1.3285,
    0.302,
    2.6826,
    -1.7961,
    2.0797,
    -0.8793,
    2.005,
    -2.3378,
    0.4528,
    -0.8553,
    -0.3522,
    0.2117,
    -0.011,
    -2.0155,
    2.8844,
    -0.0075,
    0.8691,
    0.4521,
    1.4376,
    -3.0031,
    1.4193,
    1.0835,
    -2.0687,
    -0.1685,
    -2.1445,
    -1.1641,
    0.4871,
    -0.4404,
    -0.6631,
    -2.3078,
    1.9216,
    -3.0403,
    1.0852,
    0.9424,
    0.8398,
    -2.4954,
    3.4142,
    2.2074,
    -1.6087,
    -0.3698,
    0.3638,
    0.9744,
    0.8304,
    2.1191,
    -0.5712,
    0.6716,
    -0.6211,
    -0.8853,
    1.2564,
    1.0098,
    -1.4747,
    2.7046,
    1.331,
    -0.5942,
    2.0979,
    -0.5721,
    0.1101,
    1.7357,
    -0.8883,
    0.1762,
    0.5517,
    -0.6937,
    -3.3848,
    -0.675,
    0.6412,
    0.9092,
    -3.6591,
    -2.0024,
    -0.0148,
    1.2989,
    3.251,
    1.2581,
    -1.217,
    1.8699,
    2.6354,
    -0.3183,
    1.078,
    -0.7388,
    0.4434,
    1.0221,
    -0.8465,
    -0.5896,
    0.5138,
    1.3544,
    -1.1731,
    -2.1614,
    2.0498,
    -2.4052,
    1.0869,
    -2.9011,
    -0.1342,
    -1.5561,
    -3.8446,
    -2.5469,
    1.0815,
    -0.3933,
    1.3085,
    -1.2268,
    -1.4116,
    -0.1642,
    -2.4491,
    0.1161,
    -0.8249,
    0.1046,
    -0.0803,
    -1.5955,
    3.1601,
    0.6719,
    -0.2229,
    -0.3826,
    1.1044,
    -0.5207,
    0.7794,
    0.8852,
    1.8475,
    -0.1578,
    -0.0654,
    0.4303,
    -1.4908,
    -3.1004,
    0.6901,
    3.2527,
    2.7521,
    2.7021,
    -0.084,
    -2.1716,
    1.1706,
    -0.8372,
    0.7132,
    3.2924,
    2.268,
    -2.1647,
    0.3453,
    -1.0736,
    1.6532,
    2.0567,
    0.507,
    1.5854,
    -1.0379,
    -0.5114,
    2.4882,
    -0.1126,
    0.2702,
    1.1622,
    0.5239,
    2.533,
    1.3115,
    0.1744,
    2.7604,
    3.3866,
    -0.1572,
    -1.4936,
    -0.2397,
    0.4982,
    -0.4511,
    1.3911,
    -0.7636,
    3.278,
    0.5748,
    1.2847,
    1.1349,
    -0.6477,
    -1.2067,
    -0.7423,
    -0.4704,
    2.113,
    0.1526,
    -0.2298,
    1.1151,
    -0.0565,
    -1.1588,
    -0.902,
    -0.6347,
    -1.4867,
    1.5814,
    -1.868,
    -2.2565,
    0.5613,
    -1.2106,
    2.234,
    2.198,
    -0.2754,
    -0.4039,
    0.9754,
    1.7559,
    0.7194,
    1.1831,
    1.0298,
    1.465,
    3.0853,
    0.2643,
    -1.7247,
    2.4287,
    -1.3402,
    -3.3611,
    -1.3486,
    -0.0954,
    1.6323,
    1.702,
    1.8853,
    0.9335,
    0.8188,
    -2.7226,
    -1.3205,
    0.3987,
    0.4537,
    -0.9912,
    1.1275,
    1.5279,
    0.3627,
    -1.324,
    0.3834,
    2.4262,
    1.135,
    -0.313,
    -3.2292,
    -1.28,
    -1.2485,
    0.8625,
    -1.0716,
    0.7828,
    -0.8703,
    0.5124,
    0.7622,
    -0.6684,
    0.9211,
    -1.1654,
    -1.934,
    0.2442,
    0.1244,
    0.7703,
    -1.91,
    -0.5518,
    -1.6012,
    -0.7592,
    0.0645,
    0.3396,
    -1.4625,
    -1.6194,
    -0.9685,
    -1.1306,
    1.5263,
    -0.2342,
    0.87,
    -1.5869,
    -1.1269,
    0.9729,
    -1.993,
    0.1524,
    -1.1193,
    -0.5388,
    1.5126,
    -0.4176,
    -1.5797,
    -0.0423,
    -1.3219,
    2.508,
    -1.2494,
    1.5985,
    -0.4164,
    -0.927,
    -0.8803,
    -0.6752,
    2.1701,
    -1.3677,
    -0.8668,
    -0.2431,
    0.1428,
    0.1155,
    3.1545,
    0.8798,
    -1.5961,
    -1.3056,
    0.7016,
    -0.0297,
    1.1588,
    0.4287,
    0.0003,
    0.7807,
    3.017,
    0.6736,
    -1.0871,
    1.3113,
    -2.1904,
    -0.6563,
    0.2296,
    -0.3173,
    -0.9273,
    -1.3709,
    0.5285,
    0.5442,
    -2.4101,
    1.3621,
    0.7872,
    -0.9659,
    2.0599,
    0.8333,
    1.0009,
    2.862,
    0.9617,
    0.9738,
    -2.3682,
    -2.2063,
    0.4231,
    1.4829,
    1.3841,
    1.995,
    3.2169,
    -0.2151,
    0.8466,
    0.2482,
    0.9761,
    0.5423,
    -0.3499,
    0.2259,
    -0.2438,
    0.6083,
    -0.3719,
    -0.2245,
    1.3995,
    2.2023,
    2.0575,
    1.6273,
    -1.9503,
    0.8991,
    1.6137,
    2.2708,
    -1.973,
    -1.9322,
    -3.0018,
    0.3823,
    -1.5247,
    0.2505,
    -1.8187,
    -0.8612,
    0.0402,
    -1.4063,
    0.9555,
    1.2095,
    1.5782,
    2.0109,
    0.3594,
    2.0235,
    5.4132,
    -3.6941,
    2.0706,
    -0.7751,
    1.6693,
    -0.798,
    0.3421,
    -1.1036,
    0.4683,
    -0.6757,
    -1.8107,
    3.1379,
    1.7447,
    -0.1177,
    3.1535,
    0.7181,
    -0.9973,
    1.1,
    -0.2766,
    -2.08,
    -2.5469,
    -1.2322,
    -1.1761,
    -1.0251,
    -1.4773,
    -2.1562,
    -3.6356,
    0.0506,
    -1.7194,
    3.3342,
    0.0466,
    2.9748,
    1.808,
    -1.3805,
    -1.5216,
    -0.9535,
    3.8802,
    -1.6049,
    -2.5827,
    0.3128,
    1.0786,
    0.689,
    -0.1548,
    1.011,
    2.5237,
    0.4088,
    -0.1535,
    -1.4308,
    2.5005,
    0.309,
    -0.4778,
    -1.0058,
    -1.272,
    -1.6094,
    -2.3124,
    0.3405,
    2.1013,
    -0.1474,
    -2.1008,
    -0.7385,
    -1.0091,
    0.4717,
    -1.7098,
    1.9837,
    -0.6967,
    -2.1526,
    -0.8437,
    0.7132,
    1.3408,
    0.4141,
    -1.766,
    -2.8768,
    -0.2433,
    0.4015,
    -0.5763,
    -0.973,
    1.7993,
    0.0591,
    -0.5861,
    -2.1061,
    -0.5546,
    -1.0922,
    0.6306,
    1.8506,
    -3.0218,
    -0.6762,
    -0.648,
    -0.6836,
    0.3648,
    -2.1929,
    -1.3286,
    -0.1398,
    2.1752,
    0.3599,
    -1.7858,
    1.5715,
    -0.7195,
    -3.279,
    -0.4197,
    1.5882,
    1.1337,
    -0.1228,
    2.0522,
    -2.0963,
    0.6786,
    1.8141,
    -0.9371,
    1.4107,
    1.9141,
    1.0569,
    1.9771,
    0.9671,
    3.9605,
    0.0044,
    1.1242,
    4.0211,
    3.1621,
    0.8996,
    -0.8606,
    2.4462,
    0.0573,
    0.7179,
    1.7111,
    -0.6128,
    -1.5868,
    1.7765,
    -1.5913,
    -0.3346,
    -0.6477,
    2.5257,
    0.1329,
    -0.6174,
    -1.9063,
    -0.0459,
    0.4633,
    -1.0634,
    0.592,
    -2.3978,
    1.3554,
    -0.6578,
    -0.7711,
    -0.1276,
    -1.2017,
    1.3592,
    0.5668,
    -0.4049,
    -0.3478,
    -4.1798,
    0.4954,
    -0.911,
    -0.2016,
    -0.183,
    -0.5259,
    -1.6353,
    1.4768,
    -0.1844,
    -0.1352,
    -0.5929,
    -2.3489,
    2.3703,
    1.4009,
    -1.6488,
    0.1424,
    -0.3041,
    0.4316,
    -1.0033,
    -2.0351,
    0.1107,
    3.4496,
    -1.1477,
    1.6873,
    0.9319,
    2.297,
    -1.0771,
    1.1669,
    0.7635,
    2.2545,
    0.765,
    -2.1507,
    0.1382,
    2.1493,
    -0.8489,
    -0.4964,
    0.2749,
    0.3272,
    -0.9024,
    0.2437,
    0.369,
    -1.658,
    -0.5432,
    0.0688,
    0.1926,
    4.3156,
    -2.4675,
    -0.3046,
    -2.0073,
    0.006,
    -0.8776,
    3.9259,
    -0.5532,
    0.7652,
    -0.6496,
    -3.9958,
    -0.3473,
    -0.2137,
    -0.7571,
    1.7517,
    -2.2698,
    -0.52,
    2.0673,
    1.8114,
    0.1929,
    -0.0789,
    -0.3697,
    0.753,
    -1.1007,
    -1.1568,
    -1.458,
    1.0032,
    -2.5369,
    0.3866,
    1.5342,
    0.6511,
    -0.6653,
    2.8689,
    -0.26,
    3.1732,
    0.409,
    -0.7268,
    1.5932,
    1.7902,
    0.9968,
    -0.4778,
    1.0651,
    -3.237,
    -1.1682,
    -1.2105,
    0.7563,
    0.1459,
    -1.4122,
    0.1996,
    -0.5686,
    0.0083,
    -1.6042,
    0.6898,
    0.0015,
    -1.873,
    1.2437,
    0.1901,
    -0.9235,
    0.363,
    -0.1383,
    1.8849,
    -1.6177,
    -2.4731,
    -1.4965,
    -0.0344,
    -1.823,
    -0.3577,
    -0.8004,
    -1.4372,
    -0.4257,
    -2.0729,
    0.4227,
    -1.0475,
    1.7718,
    -2.4414,
    -2.4195,
    -2.6185,
    -0.6455,
    -1.2459,
    0.7292,
    -0.6365,
    -0.2504,
    2.7739,
    -2.2572,
    -0.7581,
    -0.8208,
    -0.6035,
    -0.1161,
    -1.1973,
    -1.4249,
    2.3941,
    0.315,
    -0.4668,
    -0.8689,
    0.7552,
    1.9853,
    1.8261,
    -0.1981,
    -0.1346,
    2.0537,
    0.5382,
    1.0609,
    0.1023,
    -1.0312,
    0.5532,
    0.6985,
    -0.429,
    -1.1982,
    -2.3046,
    -0.9431,
    -1.3012,
    -0.4462,
    1.6712,
    0.5795,
    1.3268,
    -0.6449,
    0.674,
    -0.4147,
    0.9816,
    -1.4575,
    1.2309,
    -1.1522,
    -0.5826,
    -2.6244,
    1.86,
    2.1642,
    1.2501,
    -1.5288,
    1.3196,
    -3.6103,
    1.0783,
    -1.7077,
    0.2086,
    -0.3749,
    -0.918,
    0.5771,
    -1.906,
    2.5282,
    -1.3294,
    -0.8606,
    0.0406,
    -0.999,
    0.1627,
    0.1699,
    0.1945,
    1.0862,
    -0.4823,
    1.2442,
    0.1256,
    -0.0338,
    -0.3559,
    -1.9265,
    1.7573,
    0.008,
    3.0026,
    -2.7532,
    -0.7289,
    0.9526,
    -0.5138,
    -0.0649,
    3.2424,
    0.1542,
    -1.3169,
    0.5138,
    -0.4326,
    0.7425,
    -2.5506,
    -0.8607,
    -0.0861,
    0.7321,
    -0.1874,
    1.4273,
    0.5341,
    -1.3596,
    -0.9929,
    -1.5597,
    -0.833,
    2.3076,
    0.6726,
    0.5882,
    -3.6167,
    -3.0796,
    -2.3356,
    1.44,
    0.4516,
    -0.6718,
    -0.309,
    0.1942,
    1.8972,
    -0.9335,
    -0.4029,
    1.2254,
    -0.3717,
    -0.2751,
    -1.6395,
    -0.6801,
    -1.5982,
    1.117,
    -0.7288,
    1.7834,
    0.439,
    -2.2253,
    2.3809,
    1.6342,
    1.8133,
    0.6374,
    -0.0197,
    1.7221,
    2.4402,
    0.0601,
    -0.3404,
    3.0332,
    1.7672,
    0.058,
    -0.7596,
    -1.8943,
    -0.5897,
    0.3729,
    -2.8294,
    -1.0135,
    -0.2547,
    -0.1578,
    2.2639,
    0.6731,
    1.4067,
    2.0192,
    -0.0946,
    1.0103,
    0.8349,
    0.5028,
    -0.2784,
    2.5415,
    0.6658,
    0.492,
    1.2867,
    -1.3898,
    -0.6,
    -1.516,
    -0.9625,
    2.4832,
    -1.2153,
    -0.4429,
    3.0642,
    -2.8081,
    0.074,
    -1.0834,
    2.7979,
    -1.5244,
    0.2499,
    0.3391,
    3.7483,
    -0.1156,
    -0.0028,
    2.9426,
    -0.4374,
    0.7824,
    0.6871,
    -0.4863,
    1.9704,
    0.8161,
    -0.6644,
    1.8854,
    1.1448,
    -0.0179,
    0.4677,
    2.1764,
    0.809,
    -1.6217,
    -0.101,
    -0.1115,
    0.43,
    1.011,
    -0.7055,
    1.8526,
    0.2729,
    1.5449,
    0.4132,
    -1.341,
    2.7259,
    0.759,
    -0.0055,
    -0.1399,
    1.9692,
    -0.5472,
    -2.1011,
    2.9781,
    2.6673,
    0.7746,
    1.8096,
    1.0212,
    -1.2251,
    0.0482,
    -1.2405,
    -3.4486,
    -1.3195,
    -1.9054,
    1.1802,
    -0.7545,
    0.0525,
    0.4159,
    -2.4334,
    1.0796,
    -2.3948,
    1.074,
    -2.0264,
    0.2044,
    -1.637,
    1.0146,
    1.89,
    -0.9451,
    0.6195,
    -3.1259,
    -1.941,
    0.5543,
    0.6729,
    -0.0698,
    0.488,
    0.9492,
    -2.2957,
    1.9475,
    2.0477,
    2.2836,
    0.3025,
    1.5252,
    0.568,
    -0.6978,
    -3.0068,
    0.4497,
    -2.0321,
    0.0758,
    -1.5209,
    -1.346,
    -2.8384,
    -0.3811,
    2.0294,
    -0.4332,
    -1.5627,
    0.645,
    -1.5388,
    0.8483,
    1.5476,
    -0.5734,
    -0.9117,
    -0.0576,
    0.0145,
    -0.2689,
    0.3467,
    1.4224,
    -0.4735,
    -1.7087,
    2.4094,
    0.9433,
    0.1738,
    4.4919,
    1.2663,
    0.3458,
    -1.5014,
    -2.7081,
    -0.9749,
    1.8193,
    -0.6087,
    0.8223,
    -2.296,
    -0.224,
    0.1179,
    -0.7486,
    -3.0795,
    -0.1123,
    0.9231,
    0.3215,
    0.3575,
    -1.6044,
    2.2469,
    0.9211,
    -1.8304,
    1.5743,
    -0.5445,
    1.3395,
    -1.0172,
    3.5514,
    2.6505,
    0.7348,
    1.1677,
    -1.5007,
    0.3005,
    -2.2397,
    -2.8399,
    1.4652,
    -0.9992,
    0.3751,
    1.2004,
    -0.0828,
    -0.7332,
    1.4061,
    -2.1336,
    -3.6874,
    -2.2338,
    -0.4228,
    0.2437,
    1.3736,
    -0.5892,
    2.9103,
    0.1129,
    1.2459,
    3.1046,
    -1.9902,
    -0.9633,
    -1.2591,
    0.9163,
    0.8635,
    -1.3262,
    0.9056,
    -1.5379,
    1.1375,
    0.0522,
    1.6466,
    0.1406,
    0.0426,
    0.7194,
    3.8823,
    0.3509,
    -1.3022,
    0.1316,
    -1.5308,
    0.9022,
    1.3864,
    -0.9505,
    -0.0665,
    2.1136,
    -1.5728,
    -1.6886,
    -0.6593,
    0.5159,
    -3.8673,
    0.7254,
    -1.2447,
    0.9764,
    -3.5093,
    2.1664,
    0.7645,
    -1.0683,
    1.7237,
    0.3239,
    0.7851,
    0.7335,
    -0.4058,
    -1.9721,
    0.2642,
    -3.1738,
    0.3635,
    0.0938,
    -0.9613,
    1.0174,
    1.9318,
    3.3095,
    1.2793,
    -1.6038,
    1.1261,
    -0.5392,
    -2.0338,
    0.45,
    0.5358,
    -0.9566,
    -0.7444,
    1.6908,
    1.9905,
    -1.3502,
    -1.7559,
    -0.3265,
    0.0687,
    0.2567,
    -2.6871,
    -0.7983,
    -2.2993,
    2.97,
    0.0705,
    -2.7848,
    -2.1578,
    0.7444,
    -1.8883,
    0.1914,
    0.4345,
    2.838,
    -0.538,
    -1.18,
    -0.2883,
    -1.6446,
    0.3497,
    1.6202,
    1.1582,
    5.086,
    -1.3604,
    1.1752,
    1.4808,
    2.8354,
    0.616,
    2.2394,
    1.6607,
    0.3745,
    1.6129,
    -2.2798,
    -0.0724,
    2.2347,
    -1.4763,
    3.4068,
    1.6893,
    -0.161,
    1.7773,
    1.3503,
    3.4984,
    1.3949,
    -0.3368,
    -2.0548,
    0.8726,
    3.1097,
    2.1059,
    -0.3119,
    -1.1406,
    -1.6738,
    -0.9118,
    3.7705,
    -3.2884,
    -0.0808,
    -2.3827,
    1.3369,
    -0.2757,
    -0.406,
    1.4322,
    1.1012,
    0.2735,
    -1.2883,
    0.728,
    -0.9609,
    -1.0352,
    -0.1014,
    1.0063,
    -0.9455,
    -1.195,
    -0.0249,
    0.067,
    -1.4832,
    1.2314,
    1.3826,
    -0.0529,
    2.634,
    -2.1728,
    0.5716,
    -0.0382,
    0.0965,
    0.1697,
    0.5593,
    0.5026,
    -2.7867,
    2.3514,
    -1.337,
    -1.2998,
    0.9293,
    -1.5912,
    -0.4039,
    -1.4105,
    -1.1887,
    1.0403,
    0.2023,
    0.9176,
    -1.1229,
    -0.798,
    -1.6804,
    1.1749,
    -0.786,
    -0.3345,
    -3.2429,
    -1.5537,
    2.2636,
    0.5253,
    1.0985,
    0.784,
    0.3938,
    0.2342,
    -3.0401,
    3.3444,
    2.4985,
    2.8037,
    0.8813,
    0.8357,
    -1.8585,
    -1.7573,
    1.7584,
    0.5176,
    -1.3076,
    0.7842,
    0.9634,
    0.5972,
    2.111,
    -0.2415,
    2.654,
    -3.0614,
    -0.3283,
    -0.855,
    0.8808,
    0.8825,
    -0.1863,
    0.7488,
    -1.7841,
    0.8676,
    -1.0339,
    2.3427,
    0.9674,
    -3.3893,
    -0.8772,
    1.3971,
    -1.4824,
    -1.1506,
    -1.8609,
    -0.9591,
    -0.3007,
    -0.0042,
    -1.0102,
    0.5056,
    0.5965,
    1.6412,
    -1.6841,
    0.7747,
    0.1734,
    0.2127,
    0.7775,
    0.2133,
    0.2619,
    0.9735,
    -0.4903,
    1.5404,
    -1.0446,
    2.2168,
    0.6439,
    -2.1774,
    -3.1469,
    -0.334,
    1.4301,
    0.5415,
    0.1863,
    -0.7798,
    0.9924,
    -1.1789,
    1.3259,
    -0.4475,
    1.3805,
    0.8329,
    -0.133,
    -0.8718,
    0.3908,
    0.6924,
    -0.0576,
    0.4136,
    -0.5849,
    -1.7365,
    -1.3777,
    0.452,
    0.1418,
    1.6393,
    0.8562,
    0.089,
    -1.4944,
    -0.1047,
    1.7194,
    -0.0949,
    -0.6268,
    2.0321,
    -0.4452,
    -0.7415,
    -0.6539,
    1.5948,
    -2.6621,
    2.4679,
    -0.6638,
    0.2732,
    -0.15,
    1.6028,
    0.2807,
    -1.0859,
    0.467,
    -1.0743,
    -0.6661,
    1.526,
    -0.4885,
    0.5495,
    -2.7335,
    1.1478,
    0.6021,
    0.8326,
    1.8127,
    -0.9455,
    2.1941,
    -0.2839,
    0.0683,
    -1.6365,
    -0.5904,
    1.5104,
    1.975,
    0.3083,
    1.6674,
    0.3675,
    0.2032,
    -0.5148,
    -0.5954,
    -0.0125,
    -1.011,
    -0.4824,
    -0.0157,
    1.3448,
    0.1593,
    -0.737,
    -1.1691,
    -0.6511,
    -1.6258,
    0.8159,
    0.549,
    1.2237,
    -1.125,
    3.6822,
    -1.4802,
    -4.091,
    1.1064,
    1.6212,
    1.5944,
    -1.2049,
    1.0551,
    -0.0432,
    0.2083,
    1.5732,
    0.6893,
    2.2208,
    -0.0284,
    0.2467,
    -0.4093,
    0.86,
    0.172,
    -2.2965,
    -1.8465,
    2.55,
    -2.2225,
    1.9713,
    0.5502,
    2.3748,
    -0.5289,
    2.0472,
    -0.262,
    -0.2899,
    1.7332,
    -0.0699,
    0.1187,
    -2.3531,
    -0.6476,
    1.5657,
    -3.054,
    2.0101,
    2.1943,
    0.2095,
    -0.7933,
    0.6955,
    -0.3048,
    1.2018,
    -0.4186,
    -0.0229,
    0.8881,
    0.2925,
    0.7026,
    2.7154,
    -0.4049,
    -1.9496,
    -0.4732,
    2.3523,
    0.0155,
    3.7052,
    -0.1978,
    2.3691,
    2.8077,
    0.8721,
    -2.0489,
    -0.1583,
    -1.1237,
    0.2466,
    1.1493,
    -1.7252,
    2.3647,
    0.9843,
    -0.1148,
    0.6342,
    -0.0254,
    4.6612,
    0.5575,
    -0.6421,
    1.8876,
    -2.1831,
    1.237,
    -0.2714,
    2.5222,
    0.2807,
    1.6643,
    -0.4445,
    -0.5882,
    -0.3192,
    -1.1878,
    2.0854,
    -1.6394,
    0.8923,
    2.0774,
    -0.6744,
    2.127,
    -1.3465,
    -0.1034,
    0.6499,
    1.2961,
    1.0254,
    1.3501,
    0.8837,
    -1.8138,
    0.3509,
    0.0496,
    0.7529,
    1.4634,
    -0.0766,
    0.9761,
    0.5127,
    4.0371,
    1.1321,
    -0.0731,
    -2.0069,
    -0.3361,
    1.4547,
    0.3043,
    0.328,
    -0.0993,
    1.9569,
    0.5012,
    0.0153,
    1.4842,
    -1.2376,
    -3.0223,
    1.094,
    3.3286,
    0.5493,
    2.8464,
    -0.3698,
    -0.4439,
    -2.1875,
    2.5012,
    0.924,
    0.245,
    -2.2063,
    -2.4413,
    -0.9194,
    1.466,
    -4.0127,
    0.1819,
    -0.6153,
    1.0176,
    2.2527,
    -1.8315,
    0.358,
    -0.9064,
    1.2017,
    -0.5824,
    -0.475,
    -0.3566,
    -1.4737,
    -0.7765,
    0.1815,
    -1.3646,
    -1.7915,
    0.9889,
    -0.1028,
    -2.1812,
    0.2798,
    1.331,
    -0.2614,
    0.9396,
    -0.7939,
    -1.0742,
    -1.9876,
    0.8959,
    1.4956,
    -1.1425,
    -0.2059,
    0.8536,
    -0.3863,
    -1.4809,
    -1.6909,
    -2.898,
    -0.3099,
    0.3853,
    -0.7973,
    2.0729,
    2.0082,
    0.3926,
    0.6207,
    1.985,
    1.6486,
    -0.252,
    1.2189,
    1.0395,
    1.8347,
    -0.4915,
    -0.5442,
    -0.8161,
    1.8936,
    -1.6065,
    0.3228,
    2.3812,
    -0.9577,
    -1.1899,
    0.0094,
    -1.1419,
    0.6621,
    0.1131,
    0.3934,
    -0.0812,
    2.6972,
    0.3416,
    0.6595,
    -0.7387,
    0.4131,
    0.7858,
    0.4384,
    -1.1332,
    0.7986,
    -2.6505,
    0.2809,
    0.8664,
    -1.5515,
    0.8941,
    0.5817,
    -1.897,
    -1.7713,
    -0.9754,
    2.2946,
    0.5023,
    -1.2052,
    2.2032,
    0.0686,
    1.1937,
    1.3041,
    -0.2593,
    -0.1814,
    2.0887,
    0.5391,
    1.1828,
    0.8169,
    -1.0023,
    1.5924,
    1.4226,
    1.6597,
    0.9084,
    -0.5017,
    -0.4067,
    0.0189,
    0.8524,
    2.0518,
    -0.9817,
    1.1774,
    -1.5228,
    -0.2622,
    -1.4487,
    1.9419,
    0.7872,
    -1.5952,
    1.1457,
    -0.8154,
    -0.8166,
    -1.2272,
    -0.4244,
    -2.0796,
    1.7996,
    0.7228,
    0.0101,
    -2.2385,
    -0.9798,
    -0.21,
    2.2497,
    -2.1701,
    -2.6916,
    0.6429,
    -0.028,
    -1.4346,
    -2.1792,
    -0.9249,
    -1.1695,
    -3.2522,
    -0.1125,
    -2.9116,
    0.9545,
    0.186,
    0.5775,
    -0.0903,
    0.667,
    0.0945,
    -0.0985,
    -4.0959,
    -1.0691,
    1.281,
    0.4283,
    3.8819,
    -0.4484,
    -1.1031,
    -1.2419,
    -0.4342,
    0.0772,
    -1.4967,
    -0.0078,
    0.9365,
    0.5279,
    2.8721,
    0.3515,
    0.1886,
    3.1461,
    -1.4883,
    -0.9654,
    -2.1087,
    0.694,
    -0.677,
    2.8818,
    -2.422,
    0.0128,
    1.8897,
    -3.5056,
    -0.653,
    -0.2265,
    -0.4783,
    0.7669,
    1.5496,
    2.2123,
    -3.1497,
    1.2013,
    2.3496,
    -0.4721,
    -1.2674,
    -1.32,
    -1.9465,
    -0.0762,
    0.1613,
    -1.1865,
    -0.2676,
    -1.3868,
    -0.7579,
    1.2643,
    -0.55,
    1.7635,
    0.5001,
    -0.4482,
    1.1905,
    0.7092,
    0.9532,
    0.8349,
    0.0141,
    0.512,
    0.3361,
    2.1972,
    -3.3415,
    0.7681,
    0.423,
    0.3175,
    0.5914,
    -2.0379,
    -0.3701,
    -2.0999,
    0.1475,
    -0.7341,
    -2.4352,
    -0.9257,
    1.2139,
    1.8211,
    1.3404,
    -1.1211,
    -1.7937,
    -0.7115,
    1.8568,
    0.2878,
    -1.002,
    -1.0937,
    -1.8318,
    -1.7789,
    -1.9114,
    0.4831,
    -3.5722,
    3.0036,
    -0.7834,
    0.6513,
    1.3911,
    0.5332,
    0.2757,
    0.995,
    -1.4973,
    -2.7291,
    -0.9817,
    -2.874,
    0.8379,
    -0.3724,
    -0.5344,
    -1.2915,
    1.0705,
    -1.6757,
    0.0211,
    -2.7481,
    -1.1803,
    1.4573,
    -1.0829,
    -1.6726,
    -1.9438,
    -1.6276,
    -0.6864,
    -1.898,
    -0.6431,
    0.342,
    -0.9072,
    0.3827,
    -0.3752,
    -1.4638,
    0.6654,
    0.3305,
    -1.0415,
    -0.9747,
    0.0074,
    3.0658,
    -1.4783,
    1.0002,
    1.6511,
    1.492,
    -0.7322,
    1.4287,
    1.9359,
    -0.8411,
    -1.0825,
    2.0383,
    -0.3816,
    -0.1832,
    -0.5516,
    -2.143,
    -0.7411,
    0.1182,
    -0.2485,
    0.767,
    1.6136,
    -0.1868,
    -1.4073,
    0.1074,
    -0.2298,
    1.829,
    1.2117,
    -1.7244,
    -0.5803,
    -0.3879,
    2.14,
    3.2096,
    1.2879,
    -1.74,
    -1.8555,
    -2.1669,
    -0.8492,
    1.7522,
    0.311,
    -1.643,
    -0.1698,
    0.3142,
    0.8833,
    -0.759,
    -0.3347,
    -0.5201,
    4.5706,
    -0.062,
    2.5269,
    -0.2581,
    0.0534,
    1.013,
    -1.6701,
    -0.2522,
    1.5919,
    1.3722,
    -1.2894,
    -3.0585,
    -0.225,
    -0.6155,
    -0.6983,
    -0.8606,
    0.4096,
    -1.0289,
    3.7721,
    -0.5979,
    -1.465,
    -2.6827,
    1.6845,
    1.8319,
    -0.2201,
    -0.252,
    -2.8738,
    -3.381,
    1.038,
    0.3375,
    0.6081,
    1.6001,
    -3.1731,
    -0.0078,
    -0.7733,
    -0.5976,
    -1.7579,
    -0.6268,
    0.1041,
    -1.5164,
    -2.2123,
    -0.7289,
    0.1361,
    1.7136,
    0.2338,
    1.1356,
    0.2284,
    1.422,
    1.3558,
    -0.9402,
    0.7234,
    -1.0898,
    1.7961,
    -1.6814,
    1.0492,
    2.0078,
    -0.7294,
    -2.1584,
    -0.3464,
    -2.4789,
    0.2217,
    2.1705,
    -0.6438,
    -0.946,
    -0.6602,
    -0.7031,
    0.9435,
    0.5926,
    1.4295,
    -0.0222,
    1.8322,
    -0.6131,
    -0.7774,
    -0.8016,
    1.1311,
    -0.8924,
    -0.8178,
    0.2215,
    -0.4644,
    0.1804,
    0.6984,
    -0.6625,
    0.6873,
    1.0735,
    0.7048,
    -2.6241,
    -0.62,
    4.3578,
    0.2879,
    -1.4425,
    -4.3228,
    -1.6125,
    0.0147,
    1.0541,
    0.4822,
    -3.642,
    0.0043,
    1.2301,
    -0.3273,
    -0.7622,
    -0.3171,
    -1.2437,
    -0.0917,
    0.4875,
    -0.7005,
    -0.1897,
    -0.1521,
    1.0846,
    0.2033,
    1.5506,
    -0.4507,
    -2.3995,
    2.1196,
    -0.4417,
    1.8045,
    1.5951,
    -2.7897,
    -0.346,
    -1.3438,
    0.8133,
    -0.0798,
    -2.096,
    1.6932,
    -0.5141,
    -0.9092,
    1.5792,
    2.604,
    -4.6373,
    -0.7475,
    -1.2743,
    0.9418,
    -1.7885,
    -1.9334,
    -0.7933,
    -3.7321,
    -1.3507,
    -0.8934,
    0.3258,
    0.7497,
    -0.5481,
    0.2539,
    1.1565,
    0.1946,
    0.7753,
    -1.7907,
    -2.6684,
    -0.5227,
    -0.6289,
    -1.667,
    -1.036,
    -0.1742,
    -2.7173,
    0.8378,
    -2.912,
    -2.6573,
    -1.12,
    1.7972,
    -1.0717,
    -0.5158,
    -1.7377,
    0.8401,
    -2.0864,
    0.4906,
    0.035,
    -0.025,
    0.0006,
    -1.5845,
    -0.5252,
    1.9432,
    0.3816,
    0.9134,
    0.5985,
    -1.8265,
    0.7893,
    -1.3281,
    0.3375,
    -0.0499,
    -2.1739,
    -0.46,
    -1.366,
    0.5585,
    -0.6817,
    -0.7933,
    0.9035,
    -0.752,
    1.6796,
    -0.4924,
    -1.2944,
    2.4434,
    0.7043,
    1.1619,
    -1.5095,
    0.7244,
    -1.762,
    1.7413,
    -1.1556
  ]
]